is=4.70047e-25
nf=1.09575
nr=1.020
ibei=1.484e-23
nei=1.302
iben=6.096e-18
nen=2.081
ibci=5.618e-24
nci=1.110
ibcn=3.297e-14
ncn=2.000
rcx=10.26
rci=0.001
rbx=122.23
rbi=0.001
re=17.61
rs=1
rbp=1
vef=800
ver=700
cje=7e-15
cjc=11e-15
cjcp=3e-15
tf=2.3e-12
rth=159.177
ea=1.1095
eaie=1.489271313
eane=1.489271313
eaic=1.489271313
eanc=1.489271313
xre=2
xrbx=2
xrbi=2
xrcx=2
xrci=2
xrs=2
gmin=0.0
